    1.0    15   3    12    13.0    25   13   17    16    15      13 
    2.0    11  19    53    20.0    25   32   40    48    46.0    46
    3.0    17  18    44    69.0    56   18   27    58    40.0    47
    4.0     4  16    41    68.0    72   21   23    12    13.0    25
    5.0    32  34    42    41.0    45   31   39    53    60.0    35
    6.0    23  32    51    55.0    40   27   38    44    59.0    56
    7.0    36  49    44    52.0    41    4   36    41    58.0    56
    8.0    40  32    37    47.0    49   32   34    42    21.0    35
    9.0    36  34    56    56.0    47   33   22    51    55.0    60
   10.0    22  59    26    53.0    64   36   39    44    52.0    41
   